Table2 Results
method	srp_in	srp_tie	srp_de	sru_in	sru_tie	sru_de	tpp_in	tpp_tie	tpp_de	tpu_in	tpu_tie	tpu_de	fpp_in	fpp_tie	fpp_de	fpu_in	fpu_tie	fpu_de
adv	4	14	14	16	12	4	4	11	17	16	12	4	3	18	11	15	13	4
rew	0	10	22	21	11	0	0	12	20	18	14	0	0	12	20	20	12	0
eop	1	14	17	22	10	0	1	12	19	14	15	3	2	19	11	22	10	0
fairsmote	8	4	20	24	8	0	9	2	21	21	11	0	8	6	18	23	9	0
ltdd	2	15	15	17	13	2	1	17	14	16	14	2	2	16	14	17	14	1
maat	2	11	19	21	11	0	2	14	16	19	13	0	2	12	18	20	12	0
fairmask	0	21	11	15	17	0	0	22	10	10	22	0	0	21	11	12	20	0
mirrorfair	2	15	15	28	2	2	2	17	13	28	2	2	0	18	14	27	3	2


Table3 Results
method	srp_mean	srp_max	spr_large	tpp_mean	tpp_max	tpp_large	fpp_mean	fpp_max	fpp_large
adv	-0.026332	-0.125549	0.437500	-0.049238	-0.174725	0.500000	0.000171	-0.084862	0.343750
rew	-0.042556	-0.176632	0.593750	-0.057952	-0.188931	0.562500	-0.042933	-0.213440	0.562500
eop	-0.024009	-0.109992	0.375000	-0.043136	-0.161626	0.468750	-0.011320	-0.075197	0.343750
fairsmote	-0.026316	-0.156178	0.625000	-0.034808	-0.356924	0.625000	-0.035183	-0.179907	0.562500
ltdd	-0.032622	-0.212154	0.406250	-0.044196	-0.219206	0.406250	-0.031625	-0.245215	0.375000
maat	-0.024708	-0.077811	0.562500	-0.043105	-0.138029	0.500000	-0.018952	-0.051327	0.531250
fairmask	-0.014628	-0.061907	0.312500	-0.014081	-0.056151	0.250000	-0.020459	-0.093197	0.218750
mirrorfair	-0.014509	-0.063354	0.468750	-0.018327	-0.097832	0.375000	-0.016781	-0.080150	0.437500
method	sru_mean	sru_max	spu_large	tpu_mean	tpu_max	tpu_large	fpu_mean	fpu_max	fpu_large
adv	0.006020	0.081448	0.500000	0.043478	0.225738	0.468750	0.005965	0.056607	0.468750
rew	0.036191	0.144022	0.625000	0.055359	0.187051	0.562500	0.037603	0.179904	0.562500
eop	0.043973	0.159541	0.625000	0.025154	0.104703	0.406250	0.057400	0.220558	0.687500
fairsmote	0.048601	0.250452	0.750000	0.081302	0.309806	0.625000	0.049676	0.311527	0.687500
ltdd	0.030945	0.182041	0.531250	0.043768	0.204675	0.437500	0.034101	0.213232	0.468750
maat	0.030850	0.150681	0.625000	0.035015	0.129506	0.468750	0.034878	0.177514	0.593750
fairmask	0.013622	0.060189	0.375000	0.015267	0.064109	0.218750	0.016386	0.101367	0.250000
mirrorfair	0.062946	0.241319	0.843750	0.071977	0.208338	0.875000	0.071298	0.285523	0.812500
